Sample ID	ng/ul 	A260 	A280 	260/280 	260/230 
1	319,74	6,395	3,07	2,08	1,88
2	1135,79	22,716	11,259	2,02	2
2	45,9	0,918	0,496	1,85	1,58
3	33,88	0,678	0,358	1,89	1,64
4	15,72	0,314	0,152	2,06	1,31
5	33,23	0,665	0,387	1,72	1,56
1d	17,42	0,348	0,137	2,55	1,42
2n	1136,67	22,733	11,342	2	1,96
3n	903,78	18,076	8,962	2,02	1,89
4n	400,34	8,007	3,901	2,05	1,89
5n	688,29	13,766	7,112	1,94	1,65
6	221,22	4,424	2,281	1,94	1,42
7	254,64	5,093	2,561	1,99	1,48
8	405,58	8,112	3,978	2,04	1,68
9	1320,63	26,413	13,826	1,91	1,53
10	515,1	10,302	5,35	1,93	1,78
10d	24,2	0,484	0,258	1,87	1,75
11	98,3	1,966	1,019	1,93	1
11d	4,21	0,084	0,014	5,85	0,79
12	433,19	8,664	4,396	1,97	1,64
12d	22,95	0,459	0,205	2,24	1,63
13	682,67	13,653	6,725	2,03	1,7
14	324,06	6,481	3,808	1,7	1,05
15	531,31	10,626	5,433	1,96	1,56
16	111,99	2,24	0,998	2,24	1,3
17	907,03	18,141	8,976	2,02	1,61
18	279,68	5,594	2,895	1,93	1,38
18d	16,54	0,331	0,09	3,7	1,36
18d	17,48	0,35	0,125	2,79	1,51
19	913,03	18,261	8,845	2,06	1,71
19d	29,67	0,593	0,23	2,58	1,99
20	1112,65	22,253	11,318	1,97	1,76
20d	53,96	1,079	0,539	2	2,06
21	1412,91	28,258	13,527	2,09	1,89
22	28,58	0,572	0,27	2,11	0,49
23	810,98	16,22	8,695	1,87	1,51
24	965,39	19,308	9,655	2	1,69
25	417,38	8,348	4,457	1,87	1,38
26	798,83	15,977	8,238	1,94	1,49
27	10,39	0,208	0,089	2,34	0,78
27	376,43	7,529	4,412	1,71	1,25
27d	5,61	0,112	0,094	1,19	0,92
28	518,57	10,371	5,409	1,92	1,81
28d	41,69	0,834	0,542	1,54	1,88
29	860,57	17,211	8,608	2	1,94
29d	44,55	0,891	0,545	1,63	1,62
30	798,62	15,972	8,364	1,91	1,8
31	209,38	4,188	2,223	1,88	1,4
32	125,85	2,517	1,436	1,75	1,05
33	710,6	14,212	6,785	2,09	1,92
34	532,64	10,653	5,422	1,96	1,86
35	557,83	11,157	6,394	1,74	1
36	250,35	5,007	2,507	2	1,69
37	385,97	7,719	3,94	1,96	1,67
38	1122,66	22,453	11,827	1,9	1,65
35d	220,03	4,401	3,959	1,11	1,05
35d	69,19	1,384	0,979	1,41	0,74
36d	7,17	0,143	0,14	1,02	0,81
37d	17,95	0,359	0,277	1,3	1,32
39	993,27	19,865	9,605	2,07	2,03
40	1684,46	33,689	17,138	1,97	1,82
41	1042,33	20,847	10,449	2	1,92
42	1049,91	20,998	10,163	2,07	1,87
43	246,23	4,925	2,588	1,9	1,7
44	142,87	2,857	1,514	1,89	1,3
44d	3,49	0,07	0,081	0,87	0,53
45d	42,04	0,841	0,571	1,47	1,41
46d	7,32	0,146	0,16	0,92	1,02
45	965,24	19,305	10,137	1,9	1,63
46	225,95	4,519	2,266	1,99	1,66
47	476,04	9,521	5,402	1,76	1,36
48	153,34	3,067	1,647	1,86	1,42
49	181,91	3,638	1,933	1,88	1,25
50	308,2	6,164	3,153	1,95	1,55
51	932,92	18,658	9,072	2,06	1,85
52	1633,88	32,678	17,026	1,92	1,4
52d	116,89	2,338	1,393	1,68	1,09
53	260,85	5,217	2,727	1,91	1,58
53d	22,84	0,457	0,317	1,44	1,31
54	937,02	18,74	9,443	1,98	2,03
54d	49,32	0,986	0,583	1,69	1,98
55	409,86	8,197	4,23	1,94	1,71
56	842,89	16,858	8,036	2,1	2,01
57	337,42	6,748	3,348	2,02	1,75
58	231,77	4,635	2,354	1,97	1,6
59	217,54	4,351	2,265	1,92	1,45
60	104,78	2,096	1,162	1,8	1,15
61	540,02	10,8	5,512	1,96	1,84
61d	32,14	0,643	0,421	1,53	1,6
62	213,84	4,277	2,228	1,92	1,57
62d	6,87	0,137	0,154	0,89	0,78
63	173,06	3,461	1,813	1,91	1,44
63d	12,23	0,245	0,218	1,12	1,05
64	170,82	3,416	1,857	1,84	1,43
65	262,59	5,252	2,745	1,91	1,73
66	965,23	19,305	11,211	1,72	1,16
67	280,48	5,61	2,949	1,9	1,73
67	310,38	6,208	3,209	1,93	1,61
68	330,29	6,606	3,402	1,94	1,71
69	1013,74	20,275	10,217	1,98	1,95
70	309,96	6,199	3,144	1,97	1,62
71	122,17	2,443	1,289	1,9	1,26
72	267,92	5,358	2,79	1,92	1,64
73	325,57	6,511	3,388	1,92	1,65
74	453,88	9,078	4,955	1,83	1,42
75	138,08	2,762	1,499	1,84	1,32
76	130,9	2,618	1,434	1,83	1,14
77	380,49	7,61	4,015	1,9	1,59
78	228,46	4,569	2,379	1,92	1,45
79	210,17	4,203	2,192	1,92	1,5
80	135,69	2,714	1,453	1,87	1,21
81	187,45	3,749	1,941	1,93	1,39
82	82,39	1,648	0,923	1,79	1,1
83	231,19	4,624	2,446	1,89	1,54
84	469,68	9,394	4,923	1,91	1,69
85	240,43	4,809	2,582	1,86	1,48
86	294,38	5,888	3,062	1,92	1,77
87	117,72	2,354	1,29	1,82	1,2
88	287,46	5,749	3,029	1,9	1,62
Feb 16	50,48	1,01	0,533	1,89	0,95
Mrz 16	15,25	0,305	0,176	1,73	0,4
Apr 16	35,15	0,703	0,374	1,88	0,8
Mai 16	29,17	0,583	0,354	1,65	0,64
Jun 16	19,01	0,38	0,258	1,48	0,48
Okt 16	746,87	14,937	7,818	1,91	2,01
Nov 16	582,91	11,658	6,317	1,85	1,95
Dez 16	142,84	2,857	1,531	1,87	1,36
14-16	236,69	4,734	2,393	1,98	1,78
15-16	144,11	2,882	1,539	1,87	1,23
26-16a	57,32	1,146	0,677	1,69	0,97
27-16	80,51	1,61	0,86	1,87	1,08
30-16	51,62	1,032	0,603	1,71	0,98
31-16	112	2,24	1,212	1,85	1,21
32-16	183,6	3,672	2,156	1,7	1,38
33-16	29,66	0,593	0,385	1,54	0,62
36-16	470,69	9,414	5,024	1,87	1,97
42-16	134,89	2,698	1,453	1,86	1,29
43-16	118,17	2,363	1,243	1,9	1,34
44-16	111,02	2,22	1,212	1,83	1,32
45-16	190,25	3,805	1,969	1,93	1,45
46-16a	115,17	2,303	1,245	1,85	1,19
46-16b	63,6	1,272	0,77	1,65	1,01
47-16	40,85	0,817	0,515	1,59	0,69
48-16	233,2	4,664	2,605	1,79	1,63
48-16	49,32	0,986	0,576	1,71	0,91
54-16	19,65	0,393	0,267	1,47	0,49
58-16	249,69	4,994	2,818	1,77	1,64
58-16	39,24	0,785	0,476	1,65	0,76
65-16	30,83	0,617	0,382	1,62	0,67
67-16	60,66	1,213	0,66	1,84	1,02
68-16	177,29	3,546	1,865	1,9	1,58
71-16	20,57	0,411	0,276	1,49	0,48
76-16	46,59	0,932	0,552	1,69	0,83
77-16	11,66	0,233	0,201	1,16	0,29
84-16	139,62	2,792	1,468	1,9	1,4
85-16	194,38	3,888	2,01	1,93	1,45
87-16	198,57	3,971	2,042	1,94	1,52
88-16	216,33	4,327	2,2	1,97	1,44
90-16	106,76	2,135	1,142	1,87	1,16
91-16	99,52	1,99	1,07	1,86	1,16
92-16	130,55	2,611	1,368	1,91	1,44
93-16	240,98	4,82	2,56	1,88	1,76
94-16	40,01	0,8	0,466	1,72	0,82
95-16	65,09	1,302	0,76	1,71	0,89
96-16	101,67	2,033	1,071	1,9	1,34
97-16	176,81	3,536	1,834	1,93	1,56
98-16	126,68	2,534	1,33	1,91	1,4
102-16	237,06	4,741	2,413	1,96	1,53
103-16	204,87	4,097	2,107	1,94	1,63
104-16	37,43	0,749	0,405	1,85	0,87
104-16	59,67	1,193	0,656	1,82	1,07
105-16	67,81	1,356	0,762	1,78	1,05
106-16	264	5,28	2,789	1,89	1,89
112-16	143,03	2,861	1,491	1,92	1,44
113-16	294,79	5,896	3,149	1,87	1,75
114-16	49,04	0,981	0,551	1,78	0,96
116-16	17,67	0,353	0,282	1,25	0,49
117-16	99,91	1,998	1,052	1,9	1,33
118-16	127,6	2,552	1,316	1,94	1,72
119-16	162,29	3,246	1,669	1,94	1,42
121-16	37,83	0,757	0,439	1,72	0,79
122-16	9,14	0,183	0,18	1,01	0,25
123-16	17,47	0,349	0,252	1,39	0,49
126-16	360,06	7,201	4,262	1,69	1,32
126-16	77,53	1,551	0,848	1,83	1,16
126-16b	66,05	1,321	0,715	1,85	1,15
127-16	172,28	3,446	2,012	1,71	1,68
131-16	42,4	0,848	0,482	1,76	0,88
133-16	121,03	2,421	1,281	1,89	1,37
138-16	206,22	4,124	2,127	1,94	1,5
139-16	170,48	3,41	1,849	1,84	1,56
140-16	48,07	0,961	0,54	1,78	0,94
141-16	253,2	5,064	2,615	1,94	1,61
142-16	842,39	16,848	8,93	1,89	1,87
144-16	234,44	4,689	2,42	1,94	1,49
148-16	197,37	3,947	2,14	1,84	1,61
148-16	94,08	1,882	1,003	1,88	1,28
149-16	162,83	3,257	1,767	1,84	1,47
151-16	347,13	6,943	3,529	1,97	1,71
152-16	222,21	4,444	2,274	1,95	1,61
153-16	152,57	3,051	1,595	1,91	1,35
154-16	345,4	6,908	3,931	1,76	1,56
154-16	99,93	1,999	1,07	1,87	1,16
155-16	482,79	9,656	5,57	1,73	1,81
155-16b	30,82	0,616	0,41	1,5	0,64
157-16	66,33	1,327	0,74	1,79	1,03
158-16	282,81	5,656	3,143	1,8	1,63
158-16	108,61	2,172	1,224	1,77	1,24
160-16	248,51	4,97	2,568	1,94	1,63
162-16	62,75	1,255	0,701	1,79	1,03
163-16	9,98	0,2	0,176	1,13	0,29
164-16	20,7	0,414	0,26	1,59	0,51
165-16	17,21	0,344	0,261	1,32	0,44
167-16	467,84	9,357	4,994	1,87	1,6
167-16	447,61	8,952	4,707	1,9	1,64
167-16	297,08	5,942	2,951	2,01	1,71
168-16	234,47	4,689	2,387	1,96	1,54
169-16	193,06	3,861	1,993	1,94	1,51
170-16	218,04	4,361	2,199	1,98	1,62
171-16	909,05	18,181	9,541	1,91	1,9
172-16	2044,09	40,882	22,351	1,83	1,84
177-16a	107,76	2,155	1,15	1,87	1,26
177-16b	54,31	1,086	0,598	1,82	0,88
179-16	29,28	0,586	0,372	1,58	0,59
180-16	71,01	1,42	0,82	1,73	1,08
181-16	112,38	2,248	1,257	1,79	1,21
181-16	71,93	1,439	0,787	1,83	1,04
190-16	28,87	0,577	0,337	1,71	0,65
196-16	16,28	0,326	0,199	1,64	0,44
198-16	149,59	2,992	1,692	1,77	1,32
199-16	130,86	2,617	1,359	1,93	1,43
199-16	92,19	1,844	1,01	1,83	1,28
199-16	61,57	1,231	0,683	1,8	1,02
201-16	425,98	8,52	4,708	1,81	1,87
203-16	237,05	4,741	3,293	1,44	1,21
203-16	1860,12	37,202	24,038	1,55	1,35
203-16	94,73	1,895	1,036	1,83	1,06
203-16	94,31	1,886	1,015	1,86	1,05
203-16	95,83	1,917	1,058	1,81	1,05
209-16	164,12	3,282	1,813	1,81	1,5
Jan 17	72,09	1,442	0,838	1,72	0,95
Mrz 17	133,03	2,661	1,464	1,82	1,32
Mrz 17	88,16	1,763	0,954	1,85	1,16
Apr 17	42,53	0,851	0,479	1,77	0,82
Jul 17	61,63	1,233	0,714	1,73	0,96
Aug 17	45,94	0,919	0,533	1,72	0,82
19-17	65,28	1,306	0,723	1,81	0,95
Dez 17	76,09	1,522	0,862	1,76	0,96
13-17	154,49	3,09	1,692	1,83	1,18
14-17	111,07	2,221	1,172	1,9	1,2
15-17	36,08	0,722	0,445	1,62	0,65
16-17	90,21	1,804	0,992	1,82	1,09
17-17	162,82	3,256	1,749	1,86	1,4
18-17	127,86	2,557	1,418	1,8	1,29
19-18	7,28	0,146	0,116	1,26	0,21
19-18	7,09	0,142	0,12	1,19	0,2
20-18	80,96	1,619	0,902	1,8	1,08
21-18	92,21	1,844	0,981	1,88	1,11
21-18	106,22	2,124	1,169	1,82	1,22
25-18	80,54	1,611	0,875	1,84	0,99
pravi19-17	7,64	0,153	0,14	1,09	0,22
pravi19-17	7,92	0,158	0,124	1,28	0,22
Sep 17	91,65	1,833	1,002	1,83	1,1
21-17	104,88	2,098	1,143	1,84	1,24
24-17a	83,97	1,679	0,929	1,81	1,03
24-17b	94,18	1,884	0,988	1,91	1,11
25-17	204,53	4,091	2,231	1,83	1,5
26-17a	17,94	0,359	0,25	1,44	0,43
26-17b	81,3	1,626	0,859	1,89	1,16
27-17	81,21	1,624	0,949	1,71	1,06
28-17	355,01	7,1	3,78	1,88	1,57
29-17	177,59	3,552	1,838	1,93	1,49
30-17	97,97	1,959	0,982	2	1,19
31-17	85,93	1,719	0,923	1,86	1,1
32-17	236,4	4,728	2,406	1,96	1,63
33-17	194,88	3,898	2,019	1,93	1,41
34-17	353,96	7,079	3,612	1,96	1,49
35-17	231,91	4,638	2,381	1,95	1,46
41-17	210,96	4,219	2,23	1,89	1,44
42-17	186,73	3,735	1,948	1,92	1,43
43-17	205,28	4,106	2,108	1,95	1,5
44-17	30,75	0,615	0,379	1,62	0,61
46-17	290,72	5,814	3,016	1,93	1,57
47-17	208,63	4,173	2,195	1,9	1,42
48-17	286,51	5,73	3,116	1,84	1,81
48-17	44,68	0,894	0,506	1,76	0,86
49-17	205,68	4,114	2,156	1,91	1,58
50-17	147,89	2,958	1,524	1,94	1,3
51-17	71,94	1,439	0,805	1,79	1,15
54-17	83,04	1,661	0,879	1,89	1,2
55-17	282,68	5,654	2,921	1,94	1,63
56-17	169,21	3,384	1,856	1,82	1,19
57-17	296,22	5,924	3,074	1,93	1,52
58-17	130,01	2,6	1,479	1,76	1,43
59-17	89,94	1,799	1,048	1,72	1,21
59-17a	36,62	0,732	0,429	1,71	0,75
59-17b	8,93	0,179	0,16	1,12	0,24
60-17	58	1,16	0,643	1,8	0,95
61-17	146,42	2,928	1,628	1,8	1,3
62-17	7,75	0,155	0,14	1,11	0,2
64-17	241,78	4,836	2,547	1,9	1,39
67-17	75,47	1,509	0,808	1,87	1,07
68-17	57,91	1,158	0,685	1,69	0,7
70-17	178,38	3,568	1,88	1,9	1,35
72-17	28,92	0,578	0,342	1,69	0,66
72-17	76,26	1,525	0,876	1,74	0,98
73-17	102,08	2,042	1,12	1,82	1,3
75-17	6,64	0,133	0,129	1,03	0,2
76-17	483,14	9,663	5,124	1,89	1,91
77-17	205,61	4,112	2,164	1,9	1,39
78-17	37,8	0,756	0,461	1,64	0,61
79-18	12,5	0,25	0,198	1,27	0,35
80-17	43,82	0,876	0,496	1,77	0,83
81-17	5,88	0,118	0,122	0,96	0,17
83-17	335,57	6,711	3,478	1,93	1,51
84-17	292,14	5,843	3,392	1,72	1,3
85-17	631,09	12,622	6,796	1,86	1,68
86-17	204,11	4,082	2,185	1,87	1,71
86-17	108,98	2,18	1,177	1,85	1,36
88-17	-3,95	-0,079	-1,443	0,05	NaN
88-17	51,44	1,029	0,765	1,35	0,54
88-17	59,4	1,188	0,951	1,25	0,6
88-17	29,19	0,584	0,42	1,39	0,43
89-17	247,52	4,95	2,502	1,98	1,55
90-17	4,68	0,094	0,098	0,95	0,14
91-17	15,26	0,305	0,236	1,29	0,3
92-17	126,37	2,527	1,395	1,81	1,44
93-17	415,6	8,312	4,754	1,75	1,32
93-17	239,11	4,782	2,7	1,77	1,3
93-17	161,78	3,236	1,647	1,96	1,39
93-17	190,14	3,803	2,032	1,87	1,36
93-17	176,3	3,526	1,842	1,91	1,39
98-17	136,81	2,736	1,403	1,95	1,45
102-17	64,99	1,3	0,768	1,69	0,74
103-17	311,48	6,23	3,547	1,76	1,31
105-17	16,31	0,326	0,217	1,5	0,45
106-17	55,75	1,115	0,624	1,79	0,78
106-17	97,57	1,951	1,044	1,87	1,16
108-18	117,4	2,348	1,287	1,82	1,22
110-17	114,24	2,285	1,277	1,79	1,08
111-17	93,93	1,879	1,023	1,84	1,07
112-17	82,19	1,644	0,883	1,86	1
117-17	36,88	0,738	0,434	1,7	0,98
123-17	36,15	0,723	0,424	1,71	0,72
124-17	134,36	2,687	1,534	1,75	1,14
124-17	56,9	1,138	0,611	1,86	0,96
125-17	28,38	0,568	0,352	1,61	0,53
126-17	40,83	0,817	0,476	1,72	0,78
129-17	28,14	0,563	0,353	1,59	0,54
130-17	30,44	0,609	0,373	1,63	0,59
132-17	26,25	0,525	0,331	1,58	0,54
133-17	170,52	3,41	1,792	1,9	1,57
134-17	51,04	1,021	0,544	1,87	0,89
137-17	6,49	0,13	0,117	1,11	0,23
138-17	81,46	1,629	0,882	1,85	1,01
139-17	27,11	0,542	0,332	1,63	0,59
145-17	61,45	1,229	0,669	1,84	1
146-17	33,28	0,666	0,372	1,79	0,69
147-17	179,78	3,596	2,006	1,79	1,36
151-17	188,44	3,769	1,955	1,93	1,53
153-17	20,17	0,403	0,244	1,66	0,49
154-17	48,12	0,962	0,584	1,65	0,81
158-17	199,33	3,987	2,105	1,89	1,3
160-18	129,28	2,586	1,397	1,85	1,27
160-17	176,39	3,528	2,052	1,72	1,12
162-17	93,17	1,863	0,971	1,92	1,17
163-17	106,47	2,129	1,147	1,86	1,12
164-17	117,74	2,355	1,249	1,89	1,18
166-17	90,35	1,807	0,969	1,87	1,18
168-17	51,85	1,037	0,577	1,8	0,84
169-17	97,38	1,948	1,056	1,84	1
170-17	74,47	1,489	0,784	1,9	0,98
171-17	121,83	2,437	1,282	1,9	1,23
172-17	28,55	0,571	0,377	1,51	0,53
173-17	39,69	0,794	0,447	1,77	0,69
174-17	71,85	1,437	0,785	1,83	1
175-17	19,55	0,391	0,251	1,56	0,43
176-17	44,22	0,884	0,494	1,79	0,76
179-17	17,13	0,343	0,23	1,49	0,39
181-17	32,23	0,645	0,374	1,72	0,61
182-17	24,34	0,487	0,308	1,58	0,49
183-17	26,5	0,53	0,322	1,65	0,53
184-17	97,94	1,959	1,028	1,91	1,13
188-17	70,37	1,407	0,75	1,88	0,96
189-17	36,74	0,735	0,424	1,73	0,71
190-17	190,52	3,81	2,04	1,87	1,34
191-17	135,67	2,713	1,408	1,93	1,33
192-17	20,72	0,414	0,317	1,31	0,36
201-17	487,82	9,756	5,204	1,87	1,97
202-17	103,26	2,065	1,103	1,87	1,26
203-17	84,53	1,691	0,919	1,84	1,09
202-17	55,83	1,117	0,607	1,84	0,92
204-17	93,39	1,868	1	1,87	1,01
